0
1.248512e+01  1.042303e+01
7.366552e+00  5.504171e+00
1.231422e+01  1.656599e+01
5.667908e+00  1.101248e+01
6.120377e+00  1.678933e+01
1.066146e+01  1.234741e+01
7.738207e+00  1.077304e+01
9.884925e+00  1.498418e+01
1.577451e+01  1.019149e+01
1.343595e+01  1.599120e+01
1.717392e+01  1.846951e+01
7.305920e+00  1.300344e+01
1.888245e+01  1.049380e+01
1.316186e+01  1.090697e+01
1.295917e+01  1.469672e+01
8.077176e+00  1.830060e+01
1.448999e+01  1.767087e+01
1.893018e+01  1.306301e+01
5.845422e+00  1.566148e+01
8.272303e+00  1.429187e+01
1.056566e+01  1.208305e+01
9.422468e+00  7.822289e+00
1.104673e+01  1.478016e+01
1.268800e+01  5.799372e+00
1.965844e+00  7.307520e+00
1.436747e+01  1.695646e+01
1.462482e+01  1.970978e+01
7.535951e+00  1.141477e+01
1.201774e+01  1.473229e+01
7.090987e+00  1.507655e+01
1.648440e+01  5.237301e+00
1.245156e+01  1.883564e+01
1.804211e+01  8.095019e+00
6.042057e+00  9.829785e+00
1.244949e+01  7.659537e+00
1.701097e+01  1.907054e+01
1.667665e+01  1.315485e+01
1.272040e+01  1.601951e+01
1.662163e+01  5.962236e+00
1.513818e+01  1.118772e+01
8.179946e+00  1.067129e+01
1.778304e+01  1.684656e+01
1.998686e+01  8.652857e+00
1.141286e+01  1.042086e+01
9.112843e+00  6.688830e+00
8.472308e+00  1.535697e+01
1.623429e+01  1.951401e+01
1.363154e+01  8.290144e+00
1.006384e+01  1.912570e+01
